
33.09 -0.09 -0.26 0.13
33.20 -0.10 -0.26 0.14
33.30 -0.10 -0.25 0.12
33.40 -0.10 -0.25 0.10
33.51 -0.10 -0.25 0.09
33.61 -0.12 -0.25 0.08
33.71 -0.11 -0.24 0.08
33.82 -0.12 -0.23 0.07
33.92 -0.11 -0.24 0.07
34.02 -0.11 -0.24 0.05
34.13 -0.11 -0.25 0.07
34.23 -0.10 -0.26 0.07
34.34 -0.09 -0.28 0.06
34.44 -0.08 -0.27 0.06
34.54 -0.10 -0.27 0.06
34.65 -0.11 -0.27 0.06
34.75 -0.12 -0.28 0.06
34.85 -0.13 -0.27 0.06
34.96 -0.13 -0.26 0.07
35.06 -0.12 -0.28 0.07
35.16 -0.13 -0.27 0.08
35.27 -0.12 -0.27 0.10
35.37 -0.12 -0.27 0.10
35.48 -0.13 -0.25 0.10
35.58 -0.12 -0.24 0.11
35.68 -0.13 -0.23 0.12
35.79 -0.12 -0.24 0.11
35.89 -0.12 -0.25 0.12
35.99 -0.11 -0.26 0.13
36.10 -0.10 -0.26 0.13
36.20 -0.11 -0.25 0.12
36.31 -0.11 -0.25 0.12
36.41 -0.11 -0.26 0.11
36.51 -0.11 -0.26 0.12
36.62 -0.10 -0.27 0.12
36.72 -0.10 -0.28 0.10
36.82 -0.10 -0.29 0.08
36.93 -0.11 -0.29 0.07
37.03 -0.11 -0.28 0.09
37.13 -0.10 -0.28 0.08
37.24 -0.12 -0.27 0.08
37.34 -0.13 -0.27 0.08
37.45 -0.12 -0.26 0.07
37.55 -0.12 -0.25 0.08
37.65 -0.12 -0.27 0.09
37.76 -0.12 -0.27 0.10
37.86 -0.11 -0.27 0.10
37.96 -0.10 -0.26 0.09
38.07 -0.10 -0.24 0.10
38.17 -0.10 -0.24 0.10
38.27 -0.10 -0.25 0.10
38.38 -0.11 -0.25 0.10
38.48 -0.11 -0.24 0.10
38.59 -0.11 -0.25 0.11
38.69 -0.11 -0.26 0.12
38.79 -0.12 -0.26 0.13
38.90 -0.13 -0.27 0.14
39.00 -0.12 -0.27 0.15
39.10 -0.11 -0.29 0.16
39.21 -0.12 -0.29 0.17
39.31 -0.11 -0.28 0.19
39.42 -0.10 -0.28 0.18
39.52 -0.10 -0.28 0.19
39.62 -0.10 -0.28 0.20
39.73 -0.09 -0.27 0.20
39.83 -0.08 -0.28 0.20
39.93 -0.09 -0.29 0.19
40.04 -0.08 -0.29 0.18
40.14 -0.08 -0.29 0.17
40.24 -0.09 -0.29 0.17
40.35 -0.09 -0.30 0.16
40.45 -0.08 -0.31 0.15
40.56 -0.08 -0.31 0.14
40.66 -0.09 -0.32 0.14
40.76 -0.09 -0.31 0.14
40.87 -0.09 -0.32 0.13
40.97 -0.10 -0.32 0.12
41.07 -0.10 -0.33 0.10
41.18 -0.10 -0.34 0.11
41.28 -0.10 -0.35 0.10
41.38 -0.09 -0.34 0.10
41.49 -0.10 -0.35 0.12
41.59 -0.10 -0.34 0.12
41.70 -0.10 -0.33 0.11
41.80 -0.09 -0.32 0.10
41.90 -0.09 -0.33 0.10
42.01 -0.08 -0.33 0.12
42.11 -0.08 -0.32 0.12
42.21 -0.09 -0.32 0.10
42.32 -0.07 -0.32 0.10
42.42 -0.07 -0.33 0.12
42.52 -0.05 -0.33 0.10
42.63 -0.05 -0.32 0.12
42.73 -0.06 -0.33 0.12
42.84 -0.05 -0.33 0.14
42.94 -0.05 -0.33 0.14
43.04 -0.04 -0.34 0.15
43.15 -0.03 -0.33 0.13
43.25 -0.03 -0.33 0.14
43.35 -0.02 -0.32 0.14
43.46 -0.02 -0.32 0.12
43.56 -0.02 -0.32 0.11
43.67 -0.02 -0.33 0.08
43.77 -0.02 -0.32 0.09
43.87 -0.02 -0.30 0.07
43.98 -0.02 -0.30 0.07
44.08 -0.02 -0.29 0.05
44.18 -0.02 -0.29 0.05
44.29 -0.02 -0.27 0.05
44.39 -0.02 -0.26 0.05
44.49 -0.02 -0.27 0.05
44.60 -0.01 -0.27 0.04
44.70 -0.01 -0.27 0.04
44.81 -0.00 -0.26 0.03
44.91 0.01 -0.26 0.05
45.01 0.01 -0.27 0.05
45.12 0.00 -0.29 0.06
45.22 -0.00 -0.29 0.06
45.32 -0.01 -0.30 0.06
45.43 -0.02 -0.30 0.08
45.53 -0.01 -0.29 0.10
45.63 -0.02 -0.28 0.09
45.74 -0.02 -0.29 0.10
45.84 -0.03 -0.28 0.10
45.95 -0.04 -0.27 0.11
46.05 -0.02 -0.28 0.12
46.15 -0.02 -0.28 0.14
46.26 -0.03 -0.28 0.15
46.36 -0.04 -0.27 0.15
46.46 -0.03 -0.26 0.16
46.57 -0.03 -0.26 0.15
46.67 -0.04 -0.27 0.14
46.77 -0.04 -0.27 0.13
46.88 -0.04 -0.26 0.11
46.98 -0.04 -0.27 0.10
47.09 -0.05 -0.26 0.10
47.19 -0.04 -0.26 0.09
47.29 -0.04 -0.25 0.09
47.40 -0.04 -0.24 0.09
47.50 -0.03 -0.24 0.07
47.60 -0.02 -0.25 0.05
47.71 -0.02 -0.26 0.05
47.81 -0.01 -0.27 0.06
47.91 -0.01 -0.26 0.07
48.02 -0.02 -0.26 0.09
48.12 -0.02 -0.24 0.09
48.23 -0.02 -0.26 0.10
48.33 -0.01 -0.25 0.10
48.43 -0.02 -0.26 0.11
48.54 -0.01 -0.28 0.11
48.64 -0.01 -0.28 0.12
48.74 -0.00 -0.28 0.14
48.85 -0.00 -0.27 0.14
48.95 0.00 -0.28 0.14
49.06 0.01 -0.28 0.16
49.16 0.02 -0.30 0.17
49.26 0.01 -0.30 0.17
49.37 0.01 -0.29 0.16
49.47 0.02 -0.31 0.17
49.57 0.02 -0.30 0.18
49.68 0.01 -0.30 0.18
49.78 0.01 -0.29 0.19
49.88 0.00 -0.29 0.19
49.99 -0.00 -0.29 0.18
50.09 -0.01 -0.29 0.17
50.20 -0.01 -0.29 0.18
50.30 -0.01 -0.30 0.17
50.40 -0.01 -0.31 0.14
50.51 -0.01 -0.31 0.14
50.61 -0.01 -0.30 0.15
50.71 -0.02 -0.29 0.13
50.82 -0.01 -0.31 0.13
50.92 -0.01 -0.30 0.15
51.02 -0.00 -0.30 0.15
51.13 0.01 -0.31 0.15
51.23 0.02 -0.30 0.16
51.34 -0.00 -0.31 0.17
51.44 -0.01 -0.33 0.17
51.54 -0.02 -0.33 0.19
51.65 -0.03 -0.32 0.20
51.75 -0.02 -0.32 0.20
51.85 -0.04 -0.32 0.21
51.96 -0.04 -0.31 0.22
52.06 -0.03 -0.30 0.23
52.16 -0.04 -0.31 0.24
52.27 -0.02 -0.32 0.26
52.37 -0.02 -0.33 0.26
52.48 -0.02 -0.31 0.27
52.58 -0.03 -0.30 0.25
52.68 -0.03 -0.30 0.26
52.79 -0.04 -0.29 0.25
52.89 -0.04 -0.28 0.25
52.99 -0.04 -0.27 0.23
53.10 -0.03 -0.27 0.23
53.20 -0.03 -0.28 0.22
53.30 -0.04 -0.28 0.23
53.41 -0.05 -0.28 0.21
53.51 -0.03 -0.29 0.20
53.62 -0.04 -0.29 0.20
53.72 -0.04 -0.29 0.18
53.82 -0.04 -0.30 0.18
53.93 -0.04 -0.31 0.16
54.03 -0.02 -0.30 0.17
54.13 -0.01 -0.30 0.17
54.24 -0.00 -0.30 0.19
54.34 0.02 -0.29 0.20
54.45 0.03 -0.29 0.22
54.55 0.03 -0.31 0.22
54.65 0.02 -0.33 0.24
54.76 0.02 -0.33 0.24
54.86 0.02 -0.32 0.25
54.96 0.02 -0.32 0.28
55.07 0.02 -0.31 0.30
55.17 0.01 -0.31 0.32
55.27 0.02 -0.31 0.33
55.38 0.02 -0.30 0.33
55.48 0.03 -0.30 0.33
55.59 0.03 -0.30 0.34
55.69 0.03 -0.31 0.36
55.79 0.02 -0.32 0.35
55.90 0.02 -0.32 0.35
56.00 0.02 -0.32 0.34
56.10 0.01 -0.33 0.33
56.21 0.01 -0.32 0.33
56.31 0.00 -0.30 0.32
56.41 0.01 -0.31 0.29
56.52 0.00 -0.31 0.27
56.62 -0.00 -0.30 0.28
56.73 -0.01 -0.32 0.26
56.83 -0.01 -0.33 0.24
56.93 -0.01 -0.33 0.22
57.04 0.01 -0.33 0.22
57.14 0.00 -0.34 0.22
57.24 0.00 -0.33 0.21
57.35 0.00 -0.33 0.20
57.45 0.01 -0.33 0.19
57.55 0.02 -0.34 0.18
57.66 0.01 -0.34 0.20
57.76 0.01 -0.35 0.21
57.87 0.01 -0.36 0.21
57.97 0.02 -0.36 0.24
58.07 0.02 -0.35 0.26
58.18 0.03 -0.36 0.29
58.28 0.03 -0.35 0.30
58.38 0.04 -0.35 0.31
58.49 0.04 -0.35 0.31
58.59 0.03 -0.36 0.32
58.69 0.04 -0.37 0.31
58.80 0.04 -0.37 0.31
58.90 0.04 -0.36 0.32
59.01 0.05 -0.36 0.33
59.11 0.07 -0.35 0.33
59.21 0.08 -0.34 0.34
59.32 0.08 -0.34 0.33
59.42 0.07 -0.35 0.33
59.52 0.07 -0.35 0.33
59.63 0.06 -0.35 0.33
59.73 0.06 -0.35 0.32
59.83 0.06 -0.36 0.29
59.94 0.04 -0.35 0.29
60.04 0.04 -0.36 0.30
60.15 0.04 -0.36 0.32
60.25 0.04 -0.35 0.31
60.35 0.04 -0.35 0.28
60.46 0.05 -0.35 0.28
60.56 0.05 -0.34 0.28
60.66 0.06 -0.34 0.27
60.77 0.06 -0.34 0.26
60.87 0.05 -0.32 0.26
60.97 0.04 -0.34 0.25
61.08 0.05 -0.34 0.26
61.18 0.03 -0.34 0.27
61.29 0.03 -0.34 0.27
61.39 0.03 -0.33 0.28
61.49 0.03 -0.33 0.29
61.60 0.03 -0.34 0.29
61.70 0.02 -0.35 0.31
61.80 0.02 -0.36 0.33
61.91 0.03 -0.36 0.33
62.01 0.04 -0.36 0.32
62.12 0.04 -0.37 0.32
62.22 0.05 -0.39 0.31
62.32 0.06 -0.38 0.31
62.43 0.05 -0.38 0.30
62.53 0.05 -0.37 0.31
62.63 0.04 -0.36 0.30
62.74 0.03 -0.37 0.28
62.84 0.04 -0.37 0.28
62.94 0.03 -0.35 0.26
63.05 0.05 -0.37 0.26
63.15 0.05 -0.37 0.25
63.26 0.06 -0.36 0.25
63.36 0.05 -0.37 0.25
63.46 0.04 -0.38 0.22
63.57 0.05 -0.38 0.21
63.67 0.06 -0.38 0.21
63.77 0.07 -0.38 0.21
63.88 0.06 -0.38 0.21
63.98 0.06 -0.39 0.20
64.08 0.06 -0.39 0.21
64.19 0.06 -0.38 0.22
64.29 0.05 -0.38 0.22
64.40 0.05 -0.38 0.22
64.50 0.04 -0.36 0.24
64.60 0.05 -0.35 0.24
64.71 0.05 -0.33 0.24
64.81 0.05 -0.34 0.25
64.91 0.06 -0.34 0.24
65.02 0.07 -0.35 0.25
65.12 0.07 -0.35 0.27
65.22 0.09 -0.35 0.26
65.33 0.09 -0.37 0.27
65.43 0.10 -0.38 0.27
65.54 0.09 -0.40 0.25
65.64 0.10 -0.40 0.25
65.74 0.10 -0.39 0.23
65.85 0.11 -0.38 0.23
65.95 0.10 -0.37 0.22
66.05 0.11 -0.37 0.21
66.16 0.11 -0.37 0.20
66.26 0.10 -0.38 0.20
66.36 0.11 -0.39 0.19
66.47 0.11 -0.39 0.18
66.57 0.11 -0.39 0.18
66.68 0.12 -0.38 0.17
66.78 0.13 -0.39 0.17
66.88 0.13 -0.39 0.16
66.99 0.12 -0.39 0.17
67.09 0.14 -0.39 0.16
67.19 0.14 -0.39 0.16
67.30 0.14 -0.38 0.17
67.40 0.13 -0.39 0.16
67.51 0.13 -0.41 0.15
67.61 0.12 -0.42 0.18
67.71 0.10 -0.40 0.19
67.82 0.11 -0.40 0.18
67.92 0.11 -0.39 0.18
68.02 0.10 -0.40 0.19
68.13 0.11 -0.39 0.19
68.23 0.11 -0.40 0.21
68.33 0.12 -0.42 0.21
68.44 0.12 -0.42 0.21
68.54 0.12 -0.44 0.21
68.65 0.13 -0.43 0.20
68.75 0.13 -0.44 0.19
68.85 0.15 -0.44 0.17
68.96 0.14 -0.45 0.17
69.06 0.17 -0.45 0.18
69.16 0.17 -0.47 0.18
69.27 0.17 -0.47 0.16
69.37 0.16 -0.49 0.16
69.47 0.16 -0.48 0.15
69.58 0.17 -0.48 0.14
69.68 0.16 -0.48 0.14
69.79 0.17 -0.46 0.14
69.89 0.18 -0.48 0.14
69.99 0.19 -0.48 0.14
70.10 0.19 -0.48 0.16
70.20 0.18 -0.48 0.16
70.30 0.19 -0.50 0.16
70.41 0.21 -0.51 0.14
70.51 0.21 -0.51 0.12
70.61 0.21 -0.51 0.10
70.72 0.20 -0.51 0.09
70.82 0.20 -0.50 0.08
70.93 0.20 -0.49 0.08
71.03 0.21 -0.49 0.09
71.13 0.22 -0.48 0.09
71.24 0.22 -0.49 0.09
71.34 0.23 -0.49 0.10
71.44 0.23 -0.48 0.09
71.55 0.24 -0.48 0.08
71.65 0.24 -0.48 0.08
71.76 0.23 -0.48 0.09
71.86 0.23 -0.45 0.09
71.96 0.24 -0.45 0.11
72.07 0.23 -0.45 0.13
72.17 0.25 -0.43 0.13
72.27 0.25 -0.45 0.11
72.38 0.25 -0.45 0.11
72.48 0.24 -0.46 0.10
72.58 0.23 -0.45 0.10
72.69 0.21 -0.47 0.08
72.79 0.20 -0.46 0.06
72.90 0.19 -0.46 0.05
73.00 0.19 -0.46 0.04
73.10 0.20 -0.46 0.02
73.21 0.19 -0.46 0.01
73.31 0.19 -0.47 0.00
73.41 0.20 -0.45 -0.01
73.52 0.19 -0.44 -0.02
73.62 0.20 -0.43 -0.03
73.72 0.20 -0.43 -0.02
73.83 0.21 -0.42 -0.03
73.93 0.20 -0.43 -0.03
74.04 0.19 -0.43 -0.03
74.14 0.19 -0.43 -0.02
74.24 0.20 -0.43 -0.02
74.35 0.18 -0.44 -0.02
74.45 0.17 -0.44 -0.00
74.55 0.17 -0.44 0.00
74.66 0.18 -0.43 0.01
74.76 0.19 -0.42 0.04
74.86 0.19 -0.42 0.05
74.97 0.20 -0.42 0.04
75.07 0.20 -0.42 0.04
75.18 0.20 -0.42 0.05
75.28 0.20 -0.42 0.02
75.38 0.20 -0.41 0.02
75.49 0.19 -0.41 0.00
75.59 0.20 -0.41 0.00
75.69 0.20 -0.42 0.02
75.80 0.20 -0.42 0.03
75.90 0.19 -0.41 0.02
76.00 0.19 -0.42 0.01
76.11 0.19 -0.43 0.01
76.21 0.19 -0.43 -0.01
76.32 0.18 -0.41 -0.02
76.42 0.19 -0.42 -0.02
76.52 0.19 -0.41 -0.02
76.63 0.18 -0.41 -0.03
76.73 0.19 -0.41 -0.05
76.83 0.20 -0.42 -0.06
76.94 0.19 -0.42 -0.06
77.04 0.18 -0.41 -0.07
77.14 0.19 -0.39 -0.08
77.25 0.19 -0.38 -0.07
77.35 0.19 -0.38 -0.06
77.46 0.20 -0.39 -0.06
77.56 0.20 -0.40 -0.06
77.66 0.20 -0.39 -0.06
77.77 0.18 -0.39 -0.07
77.87 0.18 -0.38 -0.07
77.97 0.19 -0.37 -0.06
78.08 0.19 -0.38 -0.05
78.18 0.20 -0.39 -0.03
78.29 0.20 -0.39 -0.04
78.39 0.20 -0.39 -0.05
78.49 0.19 -0.38 -0.04
78.60 0.19 -0.36 -0.04
78.70 0.18 -0.36 -0.04
78.80 0.20 -0.36 -0.04
78.91 0.20 -0.37 -0.04
79.01 0.20 -0.36 -0.04
79.11 0.20 -0.36 -0.05
79.22 0.21 -0.35 -0.05
79.32 0.19 -0.35 -0.05
79.43 0.19 -0.36 -0.06
79.53 0.20 -0.37 -0.05
79.63 0.20 -0.37 -0.06
79.74 0.21 -0.39 -0.05
79.84 0.20 -0.39 -0.05
79.94 0.22 -0.39 -0.06
80.05 0.22 -0.37 -0.07
80.15 0.22 -0.40 -0.07
80.25 0.24 -0.40 -0.09
80.36 0.24 -0.41 -0.10
80.46 0.24 -0.40 -0.11
80.57 0.25 -0.38 -0.12
80.67 0.26 -0.38 -0.12
80.77 0.27 -0.37 -0.12
80.88 0.27 -0.38 -0.09
80.98 0.26 -0.37 -0.10
81.08 0.26 -0.38 -0.09
81.19 0.25 -0.37 -0.09
81.29 0.24 -0.37 -0.09
81.40 0.24 -0.39 -0.09
81.50 0.23 -0.39 -0.09
81.60 0.24 -0.40 -0.09
81.71 0.24 -0.41 -0.08
81.81 0.25 -0.40 -0.08
81.91 0.24 -0.39 -0.07
82.02 0.24 -0.38 -0.06
82.12 0.26 -0.38 -0.06
82.22 0.26 -0.38 -0.07
82.33 0.24 -0.38 -0.07
82.43 0.24 -0.39 -0.07
82.54 0.24 -0.39 -0.07
82.64 0.24 -0.38 -0.09
82.74 0.24 -0.40 -0.08
82.85 0.24 -0.40 -0.09
82.95 0.24 -0.39 -0.08
83.05 0.23 -0.39 -0.09
83.16 0.23 -0.40 -0.10
83.26 0.22 -0.38 -0.11
83.36 0.21 -0.36 -0.10
83.47 0.22 -0.37 -0.10
83.57 0.21 -0.39 -0.10
83.68 0.22 -0.38 -0.10
83.78 0.23 -0.37 -0.10
83.88 0.24 -0.38 -0.10
83.99 0.24 -0.36 -0.11
84.09 0.25 -0.37 -0.10
84.19 0.25 -0.35 -0.09
84.30 0.24 -0.37 -0.10
84.40 0.24 -0.36 -0.11
84.50 0.23 -0.35 -0.11
84.61 0.22 -0.36 -0.11
84.71 0.23 -0.35 -0.11
84.82 0.23 -0.33 -0.11
84.92 0.23 -0.34 -0.10
85.02 0.21 -0.34 -0.08
85.13 0.22 -0.34 -0.07
85.23 0.22 -0.34 -0.08
85.33 0.22 -0.34 -0.05
85.44 0.21 -0.35 -0.05
85.54 0.23 -0.37 -0.03
85.65 0.23 -0.36 -0.03
85.75 0.24 -0.36 -0.03
85.85 0.24 -0.36 -0.01
85.96 0.25 -0.36 -0.02
86.06 0.24 -0.35 -0.02
86.16 0.23 -0.35 -0.00
86.27 0.22 -0.33 -0.01
86.37 0.23 -0.33 -0.04
86.47 0.22 -0.33 -0.05
86.58 0.21 -0.35 -0.05
86.68 0.20 -0.36 -0.04
86.79 0.20 -0.35 -0.06
86.89 0.20 -0.34 -0.07
86.99 0.20 -0.35 -0.09
87.10 0.20 -0.35 -0.08
87.20 0.22 -0.36 -0.09
87.30 0.21 -0.35 -0.06
87.41 0.20 -0.34 -0.06
87.51 0.21 -0.34 -0.06
87.61 0.21 -0.35 -0.05
87.72 0.21 -0.34 -0.04
87.82 0.22 -0.33 -0.05
87.93 0.21 -0.32 -0.04
88.03 0.23 -0.32 -0.04
88.13 0.22 -0.30 -0.02
88.24 0.21 -0.30 -0.02
88.34 0.21 -0.30 -0.02
88.44 0.20 -0.31 -0.00
88.55 0.20 -0.33 0.01
88.65 0.20 -0.33 0.02
88.75 0.21 -0.35 0.02
88.86 0.22 -0.36 0.02
88.96 0.22 -0.37 0.02
89.07 0.22 -0.37 0.02
89.17 0.21 -0.35 0.01
89.27 0.23 -0.36 -0.00
89.38 0.23 -0.36 -0.01
89.48 0.23 -0.36 -0.02
89.58 0.22 -0.36 -0.01
89.69 0.22 -0.36 -0.02
89.79 0.21 -0.36 -0.03
89.90 0.21 -0.36 -0.03
90.00 0.22 -0.36 -0.03
90.10 0.20 -0.35 -0.03
90.21 0.20 -0.36 -0.04
90.31 0.20 -0.37 -0.04
90.41 0.20 -0.36 -0.03
90.52 0.20 -0.37 -0.03
90.62 0.20 -0.36 -0.05
90.72 0.20 -0.37 -0.07
90.83 0.19 -0.38 -0.06
90.93 0.20 -0.37 -0.05
91.04 0.20 -0.37 -0.07
91.14 0.20 -0.36 -0.07
91.24 0.20 -0.36 -0.07
91.35 0.19 -0.37 -0.06
91.45 0.19 -0.38 -0.05
91.55 0.19 -0.37 -0.02
91.66 0.19 -0.36 -0.01
91.76 0.18 -0.35 0.01
91.86 0.19 -0.35 0.02
91.97 0.20 -0.34 0.03
92.07 0.21 -0.34 0.05
92.18 0.21 -0.34 0.07
92.28 0.22 -0.35 0.07
92.38 0.21 -0.36 0.06
92.49 0.21 -0.36 0.06
92.59 0.22 -0.36 0.07
92.69 0.22 -0.35 0.06
92.80 0.23 -0.34 0.04
92.90 0.22 -0.35 0.02
93.00 0.22 -0.36 0.01
93.11 0.22 -0.34 0.01
93.21 0.22 -0.35 -0.02
93.32 0.22 -0.36 -0.04
93.42 0.21 -0.37 -0.04
93.52 0.22 -0.37 -0.05
93.63 0.22 -0.35 -0.06
93.73 0.24 -0.35 -0.06
93.83 0.22 -0.34 -0.06
93.94 0.23 -0.34 -0.06
94.04 0.23 -0.34 -0.07
94.14 0.23 -0.34 -0.08
94.25 0.23 -0.33 -0.07
94.35 0.22 -0.32 -0.05
94.46 0.21 -0.31 -0.04
94.56 0.22 -0.34 -0.03
94.66 0.22 -0.33 -0.05
94.77 0.22 -0.33 -0.06
94.87 0.22 -0.32 -0.06
94.97 0.21 -0.32 -0.05
95.08 0.22 -0.31 -0.01
95.18 0.23 -0.32 -0.03
95.29 0.24 -0.33 -0.02
95.39 0.24 -0.34 -0.02
95.49 0.26 -0.35 -0.01
95.60 0.27 -0.33 -0.00
95.70 0.28 -0.32 -0.01
95.80 0.27 -0.32 -0.01
95.91 0.27 -0.31 -0.01
96.01 0.27 -0.31 -0.01
96.11 0.28 -0.31 -0.02
96.22 0.27 -0.30 -0.04
96.32 0.27 -0.32 -0.04
96.43 0.27 -0.34 -0.08
96.53 0.27 -0.35 -0.07
96.63 0.27 -0.35 -0.08
96.74 0.28 -0.36 -0.07
96.84 0.28 -0.35 -0.10
96.94 0.28 -0.34 -0.11
97.05 0.27 -0.35 -0.12
97.15 0.27 -0.35 -0.10
97.25 0.28 -0.37 -0.12
97.36 0.30 -0.37 -0.13
97.46 0.30 -0.35 -0.14
97.57 0.32 -0.37 -0.16
97.67 0.33 -0.38 -0.15
97.77 0.33 -0.37 -0.15
97.88 0.33 -0.36 -0.15
97.98 0.33 -0.35 -0.15
98.08 0.32 -0.35 -0.15
98.19 0.33 -0.36 -0.17
98.29 0.33 -0.35 -0.18
98.40 0.34 -0.35 -0.19
98.50 0.34 -0.34 -0.18
98.60 0.33 -0.35 -0.17
98.71 0.33 -0.35 -0.16
98.81 0.32 -0.35 -0.14
98.91 0.31 -0.35 -0.13
99.02 0.31 -0.36 -0.13
99.12 0.32 -0.35 -0.13
99.22 0.33 -0.36 -0.13
99.33 0.32 -0.36 -0.13
99.43 0.32 -0.35 -0.12
99.54 0.31 -0.36 -0.12
99.64 0.32 -0.36 -0.11
99.74 0.32 -0.36 -0.11
99.85 0.33 -0.37 -0.13
99.95 0.33 -0.39 -0.13
100.05 0.32 -0.38 -0.13
100.16 0.33 -0.38 -0.14
100.26 0.34 -0.38 -0.15
100.37 0.33 -0.39 -0.16
100.47 0.34 -0.38 -0.16
100.57 0.34 -0.38 -0.17
100.68 0.34 -0.37 -0.18
100.78 0.33 -0.35 -0.19
100.88 0.34 -0.35 -0.20
100.99 0.33 -0.35 -0.20
101.09 0.33 -0.34 -0.21
101.19 0.33 -0.34 -0.22
101.30 0.33 -0.34 -0.23
101.40 0.33 -0.35 -0.25
101.51 0.33 -0.35 -0.24
101.61 0.35 -0.36 -0.26
101.71 0.35 -0.36 -0.27
101.82 0.34 -0.36 -0.28
101.92 0.33 -0.35 -0.29
102.02 0.33 -0.34 -0.29
102.13 0.34 -0.34 -0.30
102.23 0.33 -0.34 -0.32
102.34 0.33 -0.34 -0.31
102.44 0.32 -0.35 -0.30
102.54 0.34 -0.32 -0.30
102.65 0.32 -0.35 -0.31
102.75 0.33 -0.34 -0.31
102.85 0.34 -0.35 -0.30
102.96 0.34 -0.33 -0.30
103.06 0.35 -0.32 -0.29
103.17 0.33 -0.32 -0.30
103.27 0.32 -0.31 -0.29
103.37 0.32 -0.31 -0.28
103.48 0.31 -0.31 -0.28
103.58 0.31 -0.32 -0.29
103.68 0.32 -0.32 -0.28
103.79 0.32 -0.33 -0.29
103.89 0.31 -0.34 -0.29
104.00 0.31 -0.33 -0.28
104.10 0.31 -0.33 -0.28
104.20 0.31 -0.31 -0.27
104.31 0.31 -0.31 -0.25
104.41 0.30 -0.32 -0.25
104.51 0.31 -0.31 -0.24
104.62 0.33 -0.31 -0.23
104.72 0.31 -0.32 -0.22
104.83 0.30 -0.32 -0.21
104.93 0.32 -0.32 -0.20
105.03 0.34 -0.32 -0.21
105.14 0.32 -0.32 -0.19
105.24 0.32 -0.32 -0.19
105.34 0.31 -0.32 -0.18
105.45 0.31 -0.33 -0.18
105.55 0.30 -0.33 -0.18
105.65 0.29 -0.33 -0.19
105.76 0.30 -0.34 -0.21
105.86 0.31 -0.32 -0.21
105.97 0.31 -0.32 -0.21
106.07 0.29 -0.33 -0.22
106.17 0.27 -0.33 -0.23
106.28 0.27 -0.31 -0.23
106.38 0.27 -0.31 -0.25
106.48 0.27 -0.31 -0.27
106.59 0.27 -0.30 -0.28
106.69 0.27 -0.30 -0.27
106.80 0.26 -0.32 -0.29
106.90 0.27 -0.32 -0.30
107.00 0.26 -0.32 -0.32
107.11 0.26 -0.31 -0.33
107.21 0.27 -0.31 -0.34
107.31 0.26 -0.30 -0.35
107.42 0.26 -0.30 -0.35
107.52 0.25 -0.31 -0.36
107.63 0.27 -0.30 -0.37
107.73 0.27 -0.30 -0.40
107.83 0.28 -0.30 -0.40
107.94 0.29 -0.29 -0.40
108.04 0.28 -0.27 -0.41
108.14 0.29 -0.28 -0.40
108.25 0.29 -0.26 -0.42
108.35 0.29 -0.27 -0.43
108.46 0.30 -0.27 -0.41
108.56 0.31 -0.26 -0.41
108.66 0.31 -0.24 -0.40
108.77 0.30 -0.25 -0.41
108.87 0.30 -0.26 -0.41
108.97 0.30 -0.25 -0.40
109.08 0.30 -0.26 -0.40
109.18 0.30 -0.25 -0.39
109.29 0.29 -0.23 -0.38
109.39 0.28 -0.22 -0.36
109.49 0.27 -0.24 -0.36
109.60 0.27 -0.22 -0.35
109.70 0.27 -0.22 -0.34
109.80 0.27 -0.22 -0.34
109.91 0.25 -0.23 -0.32
110.01 0.25 -0.23 -0.32
110.11 0.26 -0.24 -0.31
110.22 0.27 -0.24 -0.30
110.32 0.28 -0.25 -0.29
110.43 0.27 -0.24 -0.28
110.53 0.27 -0.25 -0.28
110.63 0.29 -0.27 -0.28
110.74 0.29 -0.28 -0.27
110.84 0.30 -0.27 -0.27
110.94 0.29 -0.27 -0.28
111.05 0.29 -0.27 -0.28
111.15 0.29 -0.27 -0.26
111.26 0.30 -0.27 -0.25
111.36 0.30 -0.27 -0.24
111.46 0.30 -0.27 -0.24
111.57 0.29 -0.28 -0.25
111.67 0.29 -0.29 -0.24
111.77 0.28 -0.29 -0.25
111.88 0.27 -0.30 -0.25
111.98 0.28 -0.30 -0.23
112.09 0.28 -0.30 -0.23
112.19 0.28 -0.31 -0.24
112.29 0.27 -0.31 -0.25
112.40 0.28 -0.31 -0.26
112.50 0.29 -0.32 -0.27
112.60 0.29 -0.31 -0.28
112.71 0.29 -0.31 -0.29
112.81 0.29 -0.31 -0.30
112.92 0.29 -0.29 -0.33
113.02 0.30 -0.28 -0.34
113.12 0.31 -0.28 -0.36
113.23 0.32 -0.25 -0.38
113.33 0.32 -0.25 -0.37
113.43 0.32 -0.25 -0.38
113.54 0.31 -0.23 -0.37
113.64 0.33 -0.23 -0.39
113.75 0.34 -0.24 -0.38
113.85 0.34 -0.24 -0.38
113.95 0.33 -0.24 -0.38
114.06 0.34 -0.26 -0.39
114.16 0.34 -0.29 -0.40
114.26 0.34 -0.29 -0.41
114.37 0.34 -0.28 -0.41
114.47 0.35 -0.27 -0.40
114.57 0.36 -0.26 -0.40
114.68 0.37 -0.25 -0.42
114.78 0.37 -0.24 -0.40
114.89 0.37 -0.24 -0.40
114.99 0.38 -0.22 -0.39
115.09 0.37 -0.22 -0.39
115.20 0.38 -0.21 -0.38
115.30 0.38 -0.21 -0.36
115.40 0.39 -0.23 -0.36
115.51 0.39 -0.23 -0.34
115.61 0.38 -0.22 -0.33
115.72 0.39 -0.22 -0.32
115.82 0.39 -0.23 -0.31
115.92 0.39 -0.22 -0.34
116.03 0.40 -0.22 -0.34
116.13 0.40 -0.23 -0.34
116.23 0.41 -0.23 -0.34
116.34 0.40 -0.24 -0.33
116.44 0.41 -0.23 -0.32
116.55 0.42 -0.23 -0.32
116.65 0.42 -0.24 -0.34
116.75 0.43 -0.24 -0.33
116.86 0.44 -0.25 -0.34
116.96 0.44 -0.26 -0.36
117.06 0.44 -0.25 -0.38
117.17 0.43 -0.26 -0.39
117.27 0.43 -0.25 -0.39
117.38 0.42 -0.24 -0.37
117.48 0.44 -0.25 -0.37
117.58 0.44 -0.24 -0.37
117.69 0.45 -0.24 -0.37
117.79 0.43 -0.24 -0.37
117.89 0.43 -0.25 -0.37
118.00 0.42 -0.24 -0.38
118.10 0.42 -0.24 -0.38
118.21 0.40 -0.25 -0.39
118.31 0.41 -0.24 -0.40
118.41 0.41 -0.24 -0.41
118.52 0.40 -0.25 -0.41
118.62 0.41 -0.26 -0.42
118.72 0.40 -0.28 -0.43
118.83 0.40 -0.27 -0.42
118.93 0.39 -0.27 -0.44
119.03 0.39 -0.27 -0.44
119.14 0.39 -0.27 -0.45
119.24 0.41 -0.27 -0.46
119.35 0.42 -0.27 -0.46
119.45 0.43 -0.27 -0.45
119.55 0.42 -0.27 -0.46
119.66 0.43 -0.27 -0.47
119.76 0.43 -0.27 -0.47
119.86 0.44 -0.27 -0.47
119.97 0.43 -0.28 -0.48
120.07 0.43 -0.29 -0.50
120.18 0.43 -0.30 -0.49
120.28 0.43 -0.28 -0.48
120.38 0.43 -0.27 -0.46
120.49 0.43 -0.27 -0.47
120.59 0.42 -0.25 -0.47
120.69 0.42 -0.25 -0.47
120.80 0.42 -0.26 -0.48
120.90 0.43 -0.26 -0.47
121.01 0.43 -0.26 -0.45
121.11 0.43 -0.25 -0.44
121.21 0.42 -0.25 -0.43
121.32 0.42 -0.24 -0.43
121.42 0.44 -0.25 -0.43
121.52 0.44 -0.26 -0.42
121.63 0.43 -0.26 -0.42
121.73 0.45 -0.26 -0.42
121.84 0.45 -0.27 -0.41
121.94 0.44 -0.26 -0.40
122.04 0.45 -0.26 -0.39
122.15 0.46 -0.27 -0.38
122.25 0.47 -0.26 -0.37
122.35 0.49 -0.26 -0.37
122.46 0.49 -0.25 -0.36
122.56 0.48 -0.25 -0.37
122.67 0.47 -0.26 -0.37
122.77 0.46 -0.26 -0.35
122.87 0.47 -0.25 -0.35
122.98 0.46 -0.25 -0.35
123.08 0.44 -0.24 -0.37
123.18 0.44 -0.23 -0.38
123.29 0.43 -0.24 -0.40
123.39 0.43 -0.25 -0.40
123.49 0.43 -0.24 -0.39
123.60 0.43 -0.25 -0.41
123.70 0.43 -0.24 -0.43
123.81 0.42 -0.24 -0.43
123.91 0.41 -0.23 -0.43
124.01 0.40 -0.22 -0.44
124.12 0.39 -0.22 -0.48
124.22 0.40 -0.22 -0.48
124.32 0.40 -0.22 -0.51
124.43 0.39 -0.22 -0.51
124.53 0.40 -0.22 -0.50
124.64 0.40 -0.23 -0.52
124.74 0.40 -0.25 -0.53
124.84 0.39 -0.25 -0.53
124.95 0.41 -0.24 -0.53
125.05 0.41 -0.23 -0.53
125.15 0.42 -0.23 -0.52
125.26 0.41 -0.25 -0.53
125.36 0.41 -0.26 -0.56
125.47 0.40 -0.27 -0.56
125.57 0.40 -0.26 -0.56
125.67 0.41 -0.26 -0.58
125.78 0.42 -0.26 -0.59
125.88 0.42 -0.27 -0.58
125.98 0.43 -0.27 -0.59
126.09 0.44 -0.26 -0.59
126.19 0.44 -0.28 -0.58
126.30 0.44 -0.27 -0.59
126.40 0.44 -0.27 -0.59
126.50 0.44 -0.27 -0.58
126.61 0.43 -0.28 -0.58
126.71 0.42 -0.27 -0.58
126.81 0.41 -0.27 -0.57
126.92 0.40 -0.27 -0.54
127.02 0.40 -0.27 -0.55
127.13 0.40 -0.27 -0.54
127.23 0.40 -0.26 -0.54
127.33 0.39 -0.26 -0.53
127.44 0.39 -0.27 -0.52
127.54 0.40 -0.27 -0.50
127.64 0.40 -0.27 -0.49
127.75 0.39 -0.26 -0.48
127.85 0.41 -0.26 -0.48
127.95 0.41 -0.27 -0.48
128.06 0.41 -0.28 -0.47
128.16 0.40 -0.29 -0.45
128.27 0.39 -0.29 -0.44
128.37 0.39 -0.29 -0.44
128.47 0.39 -0.28 -0.44
128.58 0.38 -0.28 -0.44
128.68 0.37 -0.28 -0.44
128.78 0.37 -0.28 -0.42
128.89 0.38 -0.28 -0.42
128.99 0.38 -0.28 -0.43
129.10 0.36 -0.27 -0.43
129.20 0.36 -0.27 -0.44
129.30 0.38 -0.27 -0.45
129.41 0.37 -0.28 -0.45
129.51 0.37 -0.29 -0.47
129.61 0.35 -0.30 -0.49
129.72 0.35 -0.30 -0.50
129.82 0.35 -0.31 -0.51
129.93 0.34 -0.30 -0.52
130.03 0.33 -0.31 -0.53
130.13 0.32 -0.32 -0.54
130.24 0.31 -0.30 -0.55
130.34 0.31 -0.30 -0.58
130.44 0.29 -0.29 -0.60
130.55 0.30 -0.30 -0.60
130.65 0.29 -0.31 -0.60
130.76 0.29 -0.29 -0.61
130.86 0.30 -0.31 -0.61
130.96 0.30 -0.30 -0.61
131.07 0.29 -0.30 -0.62
131.17 0.29 -0.30 -0.64
131.27 0.30 -0.29 -0.64
131.38 0.30 -0.29 -0.65
131.48 0.30 -0.28 -0.67
131.59 0.31 -0.28 -0.66
131.69 0.31 -0.26 -0.66
131.79 0.32 -0.25 -0.67
131.90 0.32 -0.25 -0.67
132.00 0.33 -0.26 -0.68
132.10 0.31 -0.27 -0.68
132.21 0.31 -0.26 -0.67
132.31 0.31 -0.25 -0.68
132.41 0.31 -0.24 -0.70
132.52 0.29 -0.26 -0.68
132.62 0.29 -0.25 -0.67
132.73 0.28 -0.25 -0.66
132.83 0.29 -0.25 -0.67
132.93 0.29 -0.25 -0.67
133.04 0.30 -0.24 -0.67
133.14 0.29 -0.23 -0.65
133.24 0.30 -0.22 -0.65
133.35 0.29 -0.22 -0.65
133.45 0.29 -0.22 -0.66
133.56 0.30 -0.22 -0.64
133.66 0.29 -0.22 -0.63
133.76 0.28 -0.23 -0.60
133.87 0.29 -0.23 -0.60
133.97 0.30 -0.24 -0.61
134.07 0.30 -0.24 -0.62
134.18 0.30 -0.26 -0.63
134.28 0.29 -0.25 -0.63
134.39 0.30 -0.25 -0.63
134.49 0.29 -0.26 -0.64
134.59 0.29 -0.28 -0.65
134.70 0.28 -0.27 -0.64
134.80 0.29 -0.27 -0.67
134.90 0.30 -0.28 -0.67
135.01 0.29 -0.27 -0.67
135.11 0.29 -0.26 -0.67
135.22 0.30 -0.26 -0.65
135.32 0.31 -0.25 -0.66
135.42 0.31 -0.26 -0.67
135.53 0.31 -0.25 -0.68
135.63 0.31 -0.26 -0.71
135.73 0.31 -0.25 -0.72
135.84 0.31 -0.24 -0.74
135.94 0.32 -0.23 -0.74
136.05 0.31 -0.25 -0.75
136.15 0.31 -0.23 -0.76
136.25 0.30 -0.22 -0.77
136.36 0.30 -0.22 -0.78
136.46 0.30 -0.23 -0.79
136.56 0.27 -0.22 -0.79
136.67 0.27 -0.21 -0.80
136.77 0.27 -0.21 -0.79
136.87 0.27 -0.20 -0.81
136.98 0.28 -0.20 -0.82
137.08 0.27 -0.19 -0.82
137.19 0.27 -0.19 -0.83
137.29 0.27 -0.17 -0.83
137.39 0.27 -0.17 -0.84
137.50 0.28 -0.18 -0.85
137.60 0.28 -0.17 -0.86
137.70 0.27 -0.18 -0.86
137.81 0.27 -0.17 -0.87
137.91 0.28 -0.15 -0.87
138.02 0.28 -0.16 -0.86
138.12 0.28 -0.16 -0.86
138.22 0.29 -0.18 -0.85
138.33 0.29 -0.18 -0.84
138.43 0.28 -0.19 -0.83
138.53 0.29 -0.21 -0.82
138.64 0.29 -0.20 -0.83
138.74 0.28 -0.18 -0.84
138.85 0.28 -0.19 -0.82
138.95 0.28 -0.18 -0.82
139.05 0.29 -0.16 -0.81
139.16 0.30 -0.16 -0.79
139.26 0.30 -0.17 -0.79
139.36 0.31 -0.17 -0.81
139.47 0.31 -0.18 -0.80
139.57 0.31 -0.21 -0.79
139.68 0.32 -0.20 -0.79
139.78 0.33 -0.20 -0.77
139.88 0.33 -0.19 -0.77
139.99 0.31 -0.21 -0.75
140.09 0.29 -0.20 -0.74
140.19 0.30 -0.21 -0.74
140.30 0.30 -0.20 -0.72
140.40 0.31 -0.22 -0.72
140.51 0.30 -0.20 -0.71
140.61 0.30 -0.19 -0.70
140.71 0.30 -0.20 -0.70
140.82 0.30 -0.19 -0.68
140.92 0.29 -0.18 -0.67
141.02 0.28 -0.18 -0.68
141.13 0.28 -0.18 -0.68
141.23 0.29 -0.16 -0.69
141.33 0.29 -0.17 -0.70
141.44 0.29 -0.17 -0.69
141.54 0.29 -0.16 -0.70
141.65 0.27 -0.17 -0.72
141.75 0.28 -0.17 -0.72
141.85 0.28 -0.17 -0.74
141.96 0.28 -0.17 -0.75
142.06 0.28 -0.16 -0.76
142.16 0.28 -0.16 -0.78
142.27 0.28 -0.15 -0.79
142.37 0.27 -0.16 -0.80
142.48 0.27 -0.16 -0.80
142.58 0.28 -0.15 -0.81
142.68 0.27 -0.16 -0.81
142.79 0.27 -0.16 -0.83
142.89 0.27 -0.15 -0.83
142.99 0.27 -0.16 -0.83
143.10 0.26 -0.17 -0.85
143.20 0.26 -0.17 -0.84
143.31 0.26 -0.18 -0.85
143.41 0.28 -0.17 -0.85
143.51 0.28 -0.17 -0.87
143.62 0.29 -0.17 -0.86
143.72 0.29 -0.17 -0.86
143.82 0.29 -0.16 -0.86
143.93 0.30 -0.15 -0.86
144.03 0.31 -0.13 -0.85
144.14 0.30 -0.13 -0.86
144.24 0.29 -0.13 -0.85
144.34 0.30 -0.13 -0.85
144.45 0.28 -0.12 -0.82
144.55 0.28 -0.11 -0.82
144.65 0.27 -0.11 -0.83
144.76 0.26 -0.11 -0.82
144.86 0.26 -0.11 -0.84
144.97 0.25 -0.10 -0.81
145.07 0.26 -0.10 -0.80
145.17 0.25 -0.10 -0.80
145.28 0.25 -0.09 -0.78
145.38 0.26 -0.10 -0.77
145.48 0.26 -0.10 -0.76
145.59 0.27 -0.11 -0.77
145.69 0.26 -0.12 -0.73
145.80 0.26 -0.11 -0.71
145.90 0.26 -0.11 -0.72
146.00 0.27 -0.11 -0.71
146.11 0.28 -0.11 -0.70
146.21 0.27 -0.11 -0.69
146.31 0.27 -0.10 -0.69
146.42 0.28 -0.09 -0.69
146.52 0.27 -0.09 -0.69
146.62 0.27 -0.09 -0.70
146.73 0.27 -0.10 -0.70
146.83 0.27 -0.08 -0.71
146.94 0.26 -0.07 -0.71
147.04 0.25 -0.06 -0.72
147.14 0.25 -0.05 -0.72
147.25 0.26 -0.06 -0.72
147.35 0.26 -0.07 -0.74
147.45 0.25 -0.06 -0.73
147.56 0.24 -0.05 -0.74
147.66 0.23 -0.05 -0.75
147.77 0.24 -0.05 -0.76
147.87 0.23 -0.03 -0.76
147.97 0.23 -0.05 -0.76
148.08 0.23 -0.06 -0.77
148.18 0.23 -0.07 -0.80
148.28 0.23 -0.07 -0.79
148.39 0.22 -0.06 -0.79
148.49 0.23 -0.06 -0.81
148.60 0.24 -0.08 -0.81
148.70 0.25 -0.09 -0.82
148.80 0.26 -0.09 -0.83
148.91 0.27 -0.09 -0.81
149.01 0.27 -0.09 -0.82
149.11 0.28 -0.09 -0.83
149.22 0.28 -0.10 -0.84
149.32 0.28 -0.08 -0.86
149.43 0.29 -0.07 -0.85
149.53 0.30 -0.07 -0.85
149.63 0.29 -0.07 -0.87
149.74 0.29 -0.05 -0.85
149.84 0.28 -0.06 -0.83
149.94 0.28 -0.06 -0.83
150.05 0.27 -0.05 -0.82
150.15 0.27 -0.06 -0.81
150.25 0.27 -0.06 -0.79
150.36 0.26 -0.06 -0.80
150.46 0.26 -0.07 -0.79
150.57 0.25 -0.08 -0.78
150.67 0.25 -0.09 -0.77
150.77 0.25 -0.08 -0.76
150.88 0.25 -0.08 -0.74
150.98 0.25 -0.08 -0.73
151.08 0.25 -0.08 -0.72
151.19 0.26 -0.09 -0.69
151.29 0.25 -0.08 -0.70
151.40 0.25 -0.08 -0.67
151.50 0.25 -0.07 -0.63
151.60 0.25 -0.07 -0.63
151.71 0.26 -0.07 -0.63
151.81 0.27 -0.07 -0.63
151.91 0.27 -0.07 -0.62
152.02 0.27 -0.07 -0.63
152.12 0.27 -0.07 -0.62
152.23 0.30 -0.06 -0.62
152.33 0.30 -0.06 -0.62
152.43 0.30 -0.06 -0.62
152.54 0.29 -0.07 -0.62
152.64 0.29 -0.06 -0.61
152.74 0.29 -0.07 -0.62
152.85 0.29 -0.07 -0.63
152.95 0.27 -0.07 -0.65
153.06 0.25 -0.07 -0.66
153.16 0.26 -0.07 -0.65
153.26 0.27 -0.07 -0.65
153.37 0.27 -0.08 -0.66
153.47 0.27 -0.08 -0.68
153.57 0.28 -0.08 -0.69
153.68 0.28 -0.09 -0.70
153.78 0.28 -0.10 -0.72
153.88 0.28 -0.10 -0.73
153.99 0.30 -0.10 -0.74
154.09 0.30 -0.10 -0.75
154.20 0.31 -0.08 -0.74
154.30 0.33 -0.07 -0.75
154.40 0.33 -0.07 -0.74
154.51 0.33 -0.07 -0.74
154.61 0.34 -0.08 -0.73
154.71 0.33 -0.08 -0.74
154.82 0.33 -0.07 -0.75
154.92 0.35 -0.09 -0.74
155.03 0.33 -0.09 -0.73
155.13 0.32 -0.08 -0.74
155.23 0.32 -0.09 -0.73
155.34 0.31 -0.09 -0.73
155.44 0.31 -0.09 -0.72
155.54 0.31 -0.10 -0.71
155.65 0.30 -0.10 -0.71
155.75 0.29 -0.10 -0.72
155.86 0.27 -0.11 -0.69
155.96 0.27 -0.10 -0.69
156.06 0.26 -0.10 -0.69
156.17 0.26 -0.10 -0.68
156.27 0.26 -0.07 -0.68
156.37 0.27 -0.07 -0.67
156.48 0.27 -0.08 -0.67
156.58 0.29 -0.06 -0.66
156.69 0.28 -0.06 -0.65
156.79 0.28 -0.07 -0.66
156.89 0.29 -0.06 -0.65
157.00 0.29 -0.05 -0.65
157.10 0.30 -0.04 -0.65
157.20 0.30 -0.04 -0.66
157.31 0.30 -0.05 -0.65
157.41 0.31 -0.05 -0.64
157.51 0.30 -0.03 -0.64
157.62 0.30 -0.02 -0.64
157.72 0.29 -0.03 -0.67
157.83 0.31 -0.03 -0.66
157.93 0.30 -0.02 -0.67
158.03 0.29 -0.02 -0.69
158.14 0.28 -0.03 -0.69
158.24 0.28 -0.04 -0.69
158.34 0.28 -0.04 -0.70
158.45 0.29 -0.04 -0.70
158.55 0.29 -0.04 -0.71
158.66 0.30 -0.04 -0.72
158.76 0.29 -0.03 -0.74
158.86 0.29 -0.01 -0.75
158.97 0.28 -0.02 -0.74
159.07 0.29 -0.03 -0.74
159.17 0.31 -0.03 -0.77
159.28 0.32 -0.03 -0.77
159.38 0.32 -0.02 -0.79
159.49 0.33 -0.02 -0.79
159.59 0.33 -0.01 -0.79
159.69 0.32 -0.02 -0.78
159.80 0.32 -0.01 -0.77
159.90 0.33 0.00 -0.79
160.00 0.34 0.01 -0.80
160.11 0.34 0.01 -0.80
160.21 0.34 0.00 -0.81
160.32 0.33 0.01 -0.83
160.42 0.33 0.02 -0.84
160.52 0.33 0.03 -0.84
160.63 0.31 0.01 -0.83
160.73 0.31 0.01 -0.83
160.83 0.33 0.01 -0.81
160.94 0.33 0.01 -0.80
161.04 0.32 0.01 -0.79
161.14 0.33 0.01 -0.77
161.25 0.33 -0.01 -0.76
161.35 0.33 -0.00 -0.75
161.46 0.33 -0.01 -0.74
161.56 0.34 -0.02 -0.73
161.66 0.34 -0.02 -0.70
161.77 0.34 -0.01 -0.71
161.87 0.33 -0.00 -0.71
161.97 0.33 -0.01 -0.71
162.08 0.33 -0.03 -0.70
162.18 0.33 -0.03 -0.71
162.29 0.34 -0.02 -0.69
162.39 0.34 -0.01 -0.68
162.49 0.34 0.00 -0.68
162.60 0.33 0.01 -0.70
162.70 0.33 0.01 -0.70
162.80 0.32 0.01 -0.71
162.91 0.31 0.01 -0.71
163.01 0.32 0.02 -0.70
163.12 0.31 0.02 -0.71
163.22 0.30 0.03 -0.72
163.32 0.30 0.03 -0.72
163.43 0.30 0.01 -0.72
163.53 0.30 0.02 -0.72
163.63 0.30 0.04 -0.74
163.74 0.31 0.04 -0.73
163.84 0.31 0.05 -0.73
163.94 0.31 0.05 -0.72
164.05 0.32 0.05 -0.75
164.15 0.33 0.05 -0.77
164.26 0.33 0.06 -0.79
164.36 0.32 0.06 -0.78
164.46 0.31 0.06 -0.78
164.57 0.31 0.06 -0.79
164.67 0.30 0.06 -0.78
164.77 0.30 0.06 -0.78
164.88 0.29 0.05 -0.77
164.98 0.28 0.06 -0.78
165.09 0.28 0.06 -0.76
165.19 0.30 0.08 -0.76
165.29 0.30 0.08 -0.76
165.40 0.30 0.09 -0.75
165.50 0.30 0.09 -0.73
165.60 0.28 0.10 -0.72
165.71 0.27 0.09 -0.71
165.81 0.26 0.08 -0.72
165.91 0.26 0.07 -0.72
166.02 0.25 0.05 -0.70
166.12 0.25 0.06 -0.69
166.23 0.25 0.06 -0.69
166.33 0.25 0.05 -0.69
166.43 0.26 0.05 -0.68
166.54 0.24 0.05 -0.67
166.64 0.25 0.06 -0.68
166.74 0.25 0.05 -0.69
166.85 0.26 0.07 -0.68
166.95 0.25 0.08 -0.70
167.06 0.25 0.06 -0.72
167.16 0.25 0.05 -0.74
167.26 0.25 0.06 -0.76
167.37 0.25 0.07 -0.75
167.47 0.24 0.07 -0.76
167.57 0.26 0.05 -0.78
167.68 0.26 0.04 -0.79
167.78 0.27 0.04 -0.79
167.89 0.26 0.03 -0.79
167.99 0.26 0.05 -0.79
168.09 0.26 0.04 -0.80
168.20 0.25 0.03 -0.81
168.30 0.25 0.03 -0.81
168.40 0.26 0.02 -0.80
168.51 0.25 0.02 -0.82
168.61 0.26 0.03 -0.83
168.71 0.27 0.02 -0.82
168.82 0.26 0.02 -0.83
168.92 0.27 0.02 -0.84
169.03 0.28 0.03 -0.85
169.13 0.28 0.03 -0.84
169.23 0.28 0.03 -0.84
169.34 0.27 0.04 -0.84
169.44 0.27 0.05 -0.85
169.54 0.26 0.03 -0.85
169.65 0.26 0.02 -0.84
169.75 0.26 0.04 -0.82
169.86 0.24 0.02 -0.81
169.96 0.24 0.01 -0.81
170.06 0.24 0.01 -0.80
170.17 0.23 0.01 -0.81
170.27 0.21 0.02 -0.79
170.37 0.20 0.02 -0.77
170.48 0.19 0.01 -0.76
170.58 0.20 0.01 -0.77
170.69 0.20 0.03 -0.77
170.79 0.21 0.03 -0.77
170.89 0.21 0.06 -0.76
171.00 0.22 0.07 -0.73
171.10 0.21 0.06 -0.73
171.20 0.21 0.07 -0.72
171.31 0.21 0.06 -0.72
171.41 0.20 0.07 -0.71
171.51 0.20 0.07 -0.71
171.62 0.20 0.06 -0.72
171.72 0.20 0.04 -0.72
171.83 0.21 0.05 -0.72
171.93 0.22 0.07 -0.73
172.03 0.22 0.07 -0.74
172.14 0.21 0.05 -0.74
172.24 0.21 0.06 -0.76
172.34 0.23 0.05 -0.77
172.45 0.22 0.06 -0.77
172.55 0.22 0.06 -0.78
172.66 0.22 0.06 -0.78
172.76 0.23 0.06 -0.78
172.86 0.24 0.05 -0.80
172.97 0.25 0.05 -0.79
173.07 0.26 0.05 -0.78
173.17 0.25 0.05 -0.78
173.28 0.25 0.05 -0.77
173.38 0.26 0.06 -0.77
173.49 0.27 0.06 -0.76
173.59 0.27 0.07 -0.77
173.69 0.26 0.07 -0.76
173.80 0.25 0.08 -0.76
173.90 0.25 0.08 -0.77
174.00 0.25 0.08 -0.77
174.11 0.25 0.08 -0.76
174.21 0.25 0.08 -0.75
174.31 0.24 0.08 -0.72
174.42 0.24 0.08 -0.72
174.52 0.23 0.08 -0.71
174.63 0.23 0.07 -0.70
174.73 0.24 0.07 -0.67
174.83 0.24 0.08 -0.67
174.94 0.24 0.06 -0.66
175.04 0.22 0.07 -0.64
175.14 0.23 0.07 -0.64
175.25 0.23 0.08 -0.63
175.35 0.22 0.08 -0.64
175.46 0.23 0.06 -0.64
175.56 0.24 0.06 -0.63
175.66 0.24 0.04 -0.62
175.77 0.24 0.02 -0.61
175.87 0.24 0.02 -0.60
175.97 0.24 0.02 -0.60
176.08 0.25 0.02 -0.61
176.18 0.26 0.03 -0.60
176.29 0.26 0.02 -0.59
176.39 0.25 -0.00 -0.59
176.49 0.26 -0.00 -0.60
176.60 0.25 -0.00 -0.59
176.70 0.26 0.00 -0.60
176.80 0.25 0.00 -0.61
176.91 0.25 0.00 -0.62
177.01 0.24 -0.00 -0.62
177.11 0.24 0.01 -0.62
177.22 0.24 0.00 -0.62
177.32 0.24 0.01 -0.65
177.43 0.25 0.01 -0.65
177.53 0.26 0.01 -0.64
177.63 0.28 0.01 -0.66
177.74 0.30 0.02 -0.66
177.84 0.30 0.01 -0.65
177.94 0.30 -0.00 -0.67
178.05 0.29 -0.00 -0.66
178.15 0.29 -0.01 -0.65
178.26 0.28 -0.01 -0.64
178.36 0.29 -0.02 -0.64
178.46 0.29 -0.03 -0.63
178.57 0.30 -0.03 -0.63
178.67 0.30 -0.04 -0.63
178.77 0.29 -0.04 -0.62
178.88 0.28 -0.04 -0.63
178.98 0.29 -0.05 -0.62
179.09 0.29 -0.07 -0.62
179.19 0.29 -0.09 -0.60
179.29 0.29 -0.08 -0.61
179.40 0.29 -0.07 -0.61
179.50 0.30 -0.07 -0.61
179.60 0.29 -0.06 -0.60
179.71 0.30 -0.05 -0.58
179.81 0.31 -0.06 -0.57
179.91 0.30 -0.06 -0.58
180.02 0.31 -0.05 -0.58
180.12 0.31 -0.05 -0.57
180.23 0.30 -0.04 -0.56
180.33 0.31 -0.05 -0.56
180.43 0.32 -0.05 -0.54
180.54 0.33 -0.04 -0.55
180.64 0.33 -0.05 -0.54
180.74 0.35 -0.05 -0.53
180.85 0.34 -0.05 -0.52
180.95 0.34 -0.06 -0.51
181.06 0.34 -0.06 -0.50
181.16 0.34 -0.06 -0.50
181.26 0.33 -0.06 -0.49
181.37 0.34 -0.06 -0.50
181.47 0.34 -0.06 -0.48
181.57 0.33 -0.05 -0.50
181.68 0.32 -0.05 -0.50
181.78 0.32 -0.03 -0.50
181.89 0.32 -0.02 -0.50
181.99 0.30 -0.01 -0.50
182.09 0.30 -0.02 -0.51
182.20 0.29 -0.02 -0.51
182.30 0.30 -0.01 -0.51
182.40 0.30 -0.03 -0.52
182.51 0.30 -0.01 -0.53
182.61 0.30 -0.01 -0.54
182.71 0.31 -0.00 -0.53
182.82 0.30 0.01 -0.53
182.92 0.32 0.00 -0.55
183.03 0.33 0.01 -0.56
183.13 0.32 -0.00 -0.56
183.23 0.33 0.01 -0.56
183.34 0.32 0.01 -0.56
183.44 0.32 0.01 -0.57
183.54 0.32 0.00 -0.58
183.65 0.33 -0.00 -0.58
183.75 0.35 0.00 -0.58
183.86 0.34 -0.00 -0.57
183.96 0.34 -0.00 -0.57
184.06 0.36 -0.00 -0.57
184.17 0.37 -0.02 -0.56
184.27 0.37 -0.02 -0.54
184.37 0.35 -0.02 -0.52
184.48 0.37 -0.03 -0.51
184.58 0.36 -0.02 -0.50
184.69 0.36 -0.04 -0.49
184.79 0.36 -0.05 -0.48
184.89 0.35 -0.04 -0.46
185.00 0.35 -0.04 -0.46
185.10 0.35 -0.04 -0.45
185.20 0.36 -0.03 -0.43
185.31 0.37 -0.04 -0.42
185.41 0.38 -0.04 -0.43
185.52 0.38 -0.04 -0.41
185.62 0.39 -0.03 -0.40
185.72 0.39 -0.03 -0.38
185.83 0.39 -0.03 -0.37
185.93 0.38 -0.03 -0.38
186.03 0.40 -0.04 -0.39
186.14 0.38 -0.03 -0.39
186.24 0.39 -0.03 -0.39
186.34 0.38 -0.02 -0.39
186.45 0.37 -0.02 -0.40
186.55 0.38 -0.02 -0.39
186.66 0.39 -0.02 -0.40
186.76 0.37 -0.01 -0.40
186.86 0.36 -0.01 -0.42
186.97 0.37 -0.02 -0.41
187.07 0.39 -0.03 -0.42
187.17 0.37 -0.03 -0.42
187.28 0.38 -0.03 -0.43
187.38 0.38 -0.03 -0.43
187.49 0.38 -0.01 -0.45
187.59 0.38 -0.02 -0.44
187.69 0.40 -0.03 -0.42
187.80 0.40 -0.03 -0.41
187.90 0.41 -0.03 -0.44
188.00 0.43 -0.03 -0.45
188.11 0.44 -0.03 -0.44
188.21 0.45 -0.02 -0.45
188.32 0.45 -0.02 -0.44
188.42 0.45 -0.02 -0.42
188.52 0.45 -0.01 -0.43
188.63 0.46 -0.02 -0.40
188.73 0.46 -0.01 -0.39
188.83 0.46 -0.02 -0.39
188.94 0.46 -0.03 -0.39
189.04 0.47 -0.03 -0.38
189.14 0.46 -0.03 -0.39
189.25 0.45 -0.02 -0.37
189.35 0.47 -0.02 -0.36
189.46 0.46 -0.03 -0.35
189.56 0.46 -0.01 -0.36
189.66 0.45 -0.01 -0.36
189.77 0.45 -0.00 -0.36
189.87 0.45 0.01 -0.36
189.97 0.44 0.01 -0.35
190.08 0.45 0.02 -0.33
190.18 0.46 0.03 -0.33
190.29 0.46 0.06 -0.33
190.39 0.46 0.07 -0.32
190.49 0.46 0.06 -0.31
190.60 0.45 0.06 -0.31
190.70 0.47 0.04 -0.31
190.80 0.46 0.04 -0.30
190.91 0.45 0.03 -0.30
191.01 0.45 0.04 -0.32
191.12 0.45 0.05 -0.31
191.22 0.43 0.05 -0.31
191.32 0.44 0.05 -0.31
191.43 0.43 0.06 -0.32
191.53 0.44 0.07 -0.33
191.63 0.43 0.05 -0.35
191.74 0.42 0.05 -0.36
191.84 0.42 0.03 -0.35
191.94 0.41 0.05 -0.38
192.05 0.42 0.05 -0.38
192.15 0.41 0.05 -0.38
192.26 0.39 0.05 -0.38
192.36 0.40 0.05 -0.39
192.46 0.40 0.06 -0.40
192.57 0.40 0.05 -0.40
192.67 0.40 0.06 -0.39
192.77 0.40 0.07 -0.40
192.88 0.40 0.06 -0.40
192.98 0.41 0.06 -0.39
193.09 0.41 0.05 -0.38
193.19 0.40 0.07 -0.38
193.29 0.40 0.07 -0.37
193.40 0.40 0.06 -0.36
193.50 0.40 0.05 -0.35
193.60 0.39 0.04 -0.35
193.71 0.40 0.04 -0.34
193.81 0.41 0.04 -0.33
193.92 0.41 0.04 -0.33
194.02 0.40 0.05 -0.31
194.12 0.42 0.05 -0.29
194.23 0.41 0.06 -0.28
194.33 0.41 0.07 -0.28
194.43 0.41 0.07 -0.27
194.54 0.40 0.07 -0.25
194.64 0.41 0.06 -0.25
194.74 0.41 0.06 -0.25
194.85 0.42 0.07 -0.23
194.95 0.41 0.06 -0.21
195.06 0.40 0.07 -0.21
195.16 0.39 0.08 -0.19
195.26 0.40 0.08 -0.20
195.37 0.40 0.08 -0.22
195.47 0.39 0.08 -0.21
195.57 0.38 0.08 -0.22
195.68 0.39 0.07 -0.22
195.78 0.39 0.08 -0.23
195.89 0.39 0.07 -0.21
195.99 0.39 0.07 -0.21
196.09 0.38 0.06 -0.22
196.20 0.39 0.08 -0.23
196.30 0.39 0.09 -0.21
196.40 0.39 0.09 -0.22
196.51 0.39 0.09 -0.22
196.61 0.39 0.09 -0.24
196.72 0.40 0.09 -0.25
196.82 0.39 0.08 -0.26
196.92 0.39 0.08 -0.27
197.03 0.40 0.08 -0.27
197.13 0.41 0.08 -0.26
197.23 0.40 0.08 -0.28
197.34 0.40 0.09 -0.27
197.44 0.41 0.08 -0.29
197.54 0.41 0.08 -0.28
197.65 0.41 0.07 -0.28
197.75 0.41 0.07 -0.26
197.86 0.42 0.06 -0.26
197.96 0.40 0.08 -0.27
198.06 0.40 0.09 -0.26
198.17 0.40 0.09 -0.26
198.27 0.40 0.08 -0.26
198.37 0.39 0.09 -0.24
198.48 0.39 0.10 -0.23
198.58 0.39 0.07 -0.22
198.69 0.39 0.06 -0.21
198.79 0.39 0.07 -0.19
198.89 0.38 0.07 -0.19
199.00 0.38 0.08 -0.17
199.10 0.39 0.09 -0.17
199.20 0.39 0.09 -0.16
199.31 0.38 0.08 -0.16
199.41 0.39 0.09 -0.15
199.51 0.39 0.09 -0.16
199.62 0.40 0.10 -0.15
199.72 0.40 0.10 -0.14
199.83 0.40 0.09 -0.14
199.93 0.41 0.09 -0.14
200.03 0.41 0.10 -0.15
200.14 0.41 0.10 -0.15
200.24 0.41 0.11 -0.17
200.34 0.41 0.11 -0.18
200.45 0.39 0.13 -0.18
200.55 0.39 0.11 -0.19
200.66 0.37 0.12 -0.20
200.76 0.36 0.11 -0.19
200.86 0.37 0.12 -0.19
200.97 0.38 0.13 -0.19
201.07 0.37 0.13 -0.17
201.17 0.37 0.12 -0.18
201.28 0.37 0.11 -0.18
201.38 0.38 0.10 -0.19
201.49 0.38 0.11 -0.19
201.59 0.36 0.11 -0.18
201.69 0.36 0.11 -0.20
201.80 0.36 0.10 -0.18
201.90 0.36 0.10 -0.18
202.00 0.35 0.09 -0.17
202.11 0.35 0.08 -0.15
202.21 0.35 0.09 -0.14
202.32 0.34 0.10 -0.15
202.42 0.34 0.10 -0.15
202.52 0.35 0.10 -0.15
202.63 0.34 0.10 -0.13
202.73 0.35 0.10 -0.11
202.83 0.35 0.11 -0.10
202.94 0.36 0.11 -0.08
203.04 0.37 0.10 -0.07
203.14 0.35 0.09 -0.06
203.25 0.36 0.10 -0.04
203.35 0.36 0.11 -0.02
203.46 0.36 0.11 0.01
203.56 0.36 0.11 0.01
203.66 0.36 0.10 0.02
203.77 0.37 0.11 0.03
203.87 0.38 0.11 0.03
203.97 0.38 0.12 0.06
204.08 0.40 0.13 0.08
204.18 0.40 0.13 0.10
204.29 0.40 0.15 0.12
204.39 0.39 0.16 0.13
204.49 0.40 0.16 0.14
204.60 0.40 0.16 0.15
204.70 0.40 0.16 0.15
204.80 0.41 0.16 0.14
204.91 0.42 0.15 0.14
205.01 0.42 0.17 0.13
205.11 0.41 0.16 0.12
205.22 0.42 0.16 0.12
205.32 0.43 0.16 0.12
205.43 0.43 0.17 0.11
205.53 0.43 0.17 0.11
205.63 0.44 0.17 0.09
205.74 0.43 0.17 0.07
205.84 0.44 0.17 0.06
205.94 0.45 0.16 0.07
206.05 0.45 0.17 0.06
206.15 0.45 0.17 0.07
206.26 0.46 0.17 0.07
206.36 0.45 0.16 0.05
206.46 0.46 0.15 0.03
206.57 0.47 0.14 0.03
206.67 0.47 0.14 0.04
206.77 0.46 0.16 0.04
206.88 0.47 0.17 0.04
206.98 0.46 0.16 0.05
207.09 0.46 0.16 0.05
207.19 0.46 0.15 0.07
207.29 0.45 0.15 0.07
207.40 0.44 0.14 0.07
207.50 0.43 0.15 0.05
207.60 0.44 0.16 0.06
207.71 0.45 0.15 0.07
207.81 0.45 0.17 0.08
207.91 0.46 0.18 0.10
208.02 0.45 0.16 0.09
208.12 0.46 0.16 0.11
208.23 0.46 0.16 0.12
208.33 0.46 0.15 0.14
208.43 0.45 0.16 0.16
208.54 0.44 0.16 0.17
208.64 0.44 0.16 0.18
208.74 0.43 0.15 0.17
208.85 0.45 0.14 0.18
208.95 0.45 0.16 0.18
209.06 0.44 0.16 0.19
209.16 0.43 0.16 0.19
209.26 0.44 0.16 0.20
209.37 0.43 0.15 0.21
209.47 0.42 0.16 0.22
209.57 0.43 0.16 0.23
209.68 0.43 0.16 0.23
209.78 0.42 0.16 0.23
209.88 0.40 0.17 0.23
209.99 0.40 0.16 0.23
210.09 0.39 0.16 0.22
210.20 0.38 0.17 0.22
210.30 0.40 0.17 0.23
210.40 0.41 0.17 0.22
210.51 0.43 0.17 0.22
210.61 0.44 0.18 0.21
210.71 0.44 0.18 0.20
210.82 0.43 0.19 0.19
210.92 0.45 0.19 0.18
211.03 0.45 0.18 0.17
211.13 0.46 0.18 0.16
211.23 0.45 0.18 0.16
211.34 0.45 0.18 0.16
211.44 0.45 0.19 0.15
211.54 0.44 0.18 0.17
211.65 0.44 0.19 0.17
211.75 0.43 0.20 0.17
211.86 0.44 0.19 0.17
211.96 0.42 0.19 0.17
212.06 0.44 0.19 0.16
212.17 0.43 0.19 0.16
212.27 0.44 0.21 0.19
212.37 0.43 0.20 0.19
212.48 0.44 0.21 0.20
212.58 0.44 0.22 0.22
212.68 0.43 0.22 0.24
212.79 0.43 0.23 0.26
212.89 0.42 0.24 0.28
213.00 0.41 0.26 0.29
213.10 0.43 0.27 0.28
213.20 0.43 0.28 0.29
213.31 0.44 0.27 0.30
213.41 0.45 0.25 0.31
213.51 0.45 0.25 0.32
213.62 0.46 0.23 0.32
213.72 0.46 0.21 0.32
213.83 0.46 0.21 0.31
213.93 0.46 0.22 0.29
214.03 0.46 0.23 0.30
214.14 0.47 0.23 0.28
214.24 0.46 0.24 0.27
214.34 0.45 0.24 0.26
214.45 0.44 0.24 0.27
214.55 0.45 0.23 0.26
214.66 0.44 0.26 0.26
214.76 0.45 0.25 0.24
214.86 0.44 0.26 0.26
214.97 0.44 0.25 0.23
215.07 0.44 0.25 0.22
215.17 0.44 0.25 0.22
215.28 0.45 0.25 0.23
215.38 0.45 0.24 0.22
215.48 0.45 0.25 0.22
215.59 0.44 0.24 0.21
215.69 0.44 0.24 0.20
215.80 0.45 0.22 0.21
215.90 0.45 0.21 0.22
216.00 0.45 0.22 0.22
216.11 0.47 0.21 0.23
216.21 0.47 0.22 0.23
216.31 0.47 0.22 0.23
216.42 0.46 0.20 0.24
216.52 0.46 0.18 0.26
216.63 0.45 0.19 0.25
216.73 0.44 0.18 0.25
216.83 0.44 0.18 0.26
216.94 0.44 0.20 0.25
217.04 0.43 0.19 0.26
217.14 0.43 0.20 0.24
217.25 0.43 0.19 0.25
217.35 0.42 0.19 0.27
217.45 0.42 0.18 0.26
217.56 0.44 0.18 0.27
217.66 0.45 0.18 0.27
217.77 0.45 0.17 0.27
217.87 0.46 0.16 0.25
217.97 0.45 0.18 0.24
218.08 0.47 0.18 0.24
218.18 0.47 0.20 0.24
218.28 0.47 0.21 0.23
218.39 0.46 0.22 0.23
218.49 0.45 0.22 0.23
218.60 0.46 0.22 0.24
218.70 0.45 0.22 0.24
218.80 0.46 0.22 0.25
218.91 0.45 0.21 0.26
219.01 0.45 0.21 0.25
219.11 0.44 0.23 0.26
219.22 0.44 0.24 0.25
219.32 0.44 0.26 0.23
219.43 0.43 0.28 0.22
219.53 0.43 0.27 0.21
219.63 0.43 0.27 0.20
219.74 0.44 0.27 0.19
219.84 0.45 0.28 0.17
219.94 0.45 0.28 0.16
220.05 0.45 0.26 0.15
220.15 0.44 0.26 0.16
220.25 0.44 0.25 0.17
220.36 0.45 0.26 0.17
220.46 0.46 0.26 0.17
220.57 0.46 0.27 0.17
220.67 0.44 0.28 0.18
220.77 0.43 0.29 0.16
220.88 0.43 0.29 0.17
220.98 0.42 0.29 0.18
221.08 0.42 0.29 0.18
221.19 0.41 0.31 0.18
221.29 0.40 0.31 0.19
221.40 0.39 0.29 0.19
221.50 0.39 0.28 0.19
221.60 0.40 0.27 0.20
221.71 0.40 0.27 0.20
221.81 0.39 0.25 0.22
221.91 0.43 0.30 0.21
222.02 0.42 0.30 0.23
222.12 0.41 0.29 0.23
222.23 0.40 0.27 0.25
222.33 0.40 0.30 0.26
222.43 0.40 0.31 0.25
222.54 0.39 0.29 0.27
222.64 0.40 0.29 0.26
222.74 0.40 0.30 0.27
222.85 0.39 0.29 0.27
222.95 0.39 0.29 0.26
223.05 0.39 0.28 0.25
223.16 0.37 0.27 0.24
223.26 0.37 0.26 0.22
223.37 0.37 0.26 0.20
223.47 0.37 0.24 0.20
223.57 0.39 0.23 0.18
223.68 0.35 0.24 0.17
223.78 0.30 0.22 0.15
223.88 0.24 0.22 0.14
223.99 0.23 0.18 0.11
224.09 0.22 0.18 0.12
224.20 0.23 0.18 0.12
224.30 0.23 0.19 0.11
224.40 0.25 0.20 0.11
224.51 0.25 0.22 0.12
224.61 0.24 0.23 0.10
224.71 0.25 0.23 0.11
224.82 0.25 0.23 0.10
224.92 0.25 0.22 0.11
225.03 0.25 0.23 0.12
225.13 0.26 0.24 0.13
225.23 0.28 0.23 0.14
225.34 0.28 0.23 0.15
225.44 0.30 0.23 0.14
225.54 0.29 0.22 0.13
225.65 0.27 0.24 0.15
225.75 0.26 0.23 0.15
225.85 0.25 0.22 0.16
225.96 0.24 0.21 0.16
226.06 0.24 0.22 0.14
226.17 0.25 0.23 0.16
226.27 0.24 0.23 0.17
226.37 0.25 0.24 0.17
226.48 0.26 0.24 0.16
226.58 0.25 0.23 0.17
226.68 0.26 0.24 0.18
226.79 0.27 0.23 0.17
226.89 0.28 0.25 0.18
227.00 0.28 0.25 0.16
227.10 0.28 0.24 0.16
227.20 0.28 0.25 0.16
227.31 0.28 0.26 0.14
227.41 0.29 0.25 0.15
227.51 0.29 0.23 0.16
227.62 0.29 0.22 0.15
227.72 0.29 0.22 0.14
227.82 0.30 0.21 0.13
227.93 0.30 0.21 0.14
228.03 0.30 0.21 0.14
228.14 0.29 0.21 0.14
228.24 0.28 0.20 0.13
228.34 0.28 0.23 0.13
228.45 0.29 0.22 0.11
228.55 0.29 0.24 0.10
228.65 0.27 0.23 0.10
228.76 0.26 0.23 0.10
228.86 0.27 0.24 0.10
228.97 0.27 0.24 0.09
229.07 0.27 0.23 0.08
229.17 0.28 0.24 0.08
229.28 0.28 0.26 0.08
229.38 0.30 0.25 0.08
229.48 0.30 0.26 0.09
229.59 0.31 0.25 0.10
229.69 0.29 0.24 0.11
229.80 0.30 0.23 0.10
229.90 0.29 0.24 0.11
230.00 0.29 0.24 0.11
230.11 0.29 0.23 0.10
230.21 0.29 0.23 0.11
230.31 0.30 0.25 0.14
230.42 0.30 0.24 0.14
230.52 0.29 0.24 0.14
230.62 0.30 0.24 0.15
230.73 0.31 0.26 0.18
230.83 0.30 0.25 0.17
230.94 0.31 0.24 0.18
231.04 0.32 0.26 0.19
231.14 0.33 0.27 0.19
231.25 0.35 0.27 0.20
231.35 0.35 0.28 0.21
231.45 0.33 0.28 0.21
231.56 0.34 0.30 0.19
231.66 0.34 0.30 0.18
231.77 0.35 0.31 0.17
231.87 0.34 0.31 0.16
231.97 0.34 0.31 0.17
232.08 0.33 0.30 0.17
232.18 0.33 0.29 0.16
232.28 0.33 0.27 0.17
232.39 0.32 0.27 0.17
232.49 0.32 0.27 0.17
232.60 0.32 0.29 0.16
232.70 0.32 0.29 0.16
232.80 0.31 0.29 0.15
232.91 0.31 0.30 0.13
233.01 0.32 0.28 0.12
233.11 0.31 0.28 0.11
233.22 0.32 0.27 0.12
233.32 0.32 0.27 0.10
233.42 0.33 0.26 0.09
233.53 0.32 0.25 0.10
233.63 0.32 0.26 0.08
233.74 0.32 0.26 0.06
233.84 0.33 0.27 0.06
233.94 0.32 0.27 0.05
234.05 0.32 0.27 0.05
234.15 0.32 0.27 0.06
234.25 0.32 0.28 0.09
234.36 0.32 0.29 0.08
234.46 0.33 0.28 0.09
234.57 0.34 0.28 0.12
234.67 0.35 0.29 0.14
234.77 0.36 0.29 0.15
234.88 0.36 0.29 0.16
234.98 0.37 0.30 0.17
235.08 0.37 0.29 0.17
235.19 0.37 0.28 0.16
235.29 0.38 0.27 0.18
235.39 0.39 0.28 0.18
235.50 0.38 0.28 0.21
235.60 0.39 0.29 0.23
235.71 0.37 0.29 0.22
235.81 0.38 0.30 0.23
235.91 0.40 0.30 0.24
236.02 0.41 0.30 0.24
236.12 0.41 0.30 0.26
236.22 0.41 0.31 0.27
236.33 0.42 0.3